412702
439285
547692
177478
773725
489737
309031
566356
502143
313832
378994
395409
576114
462265
568671
947774
237455
468359
486532
645698
572839
843373
456898
456898
602617
562506
827118
865471
598378
655466
961150
130245
130245
967951
166988
548654
107663
107663
696455
993174
912472
270277
488931
908064
385966
282602
197013
626477
606303
764110
852262
624401
873719
700619
933605
639368
926717
530799
344653
693252
305184
477242
578044
394539
737850
654342
654342
834162
341128
432079
650979
570676
692935
473241
952105
557870
541371
525997
724314
230719
445850
833919
489251
899900
937692
146181
146181
281171
678609
635844
992367
719588
308939
139923
546819
177484
335852
380770
380770
169803
